189	65	53	34	37	15	14	13	15	16	13	9	12	10	9	9	5	15	14	3	4	520.00	37.56613756613756	58391.40
80	27	13	19	21	8	0	6	9	3	4	1	2	5	4	5	4	7	2	6	4	240.00	50.0	24756.83
5498578	1361525	1358234	1392563	1386256	303748	370852	283832	303721	254399	303623	316457	384421	319817	303561	444426	275552	384189	280864	399551	273278	16554794.00	50.53704794221343	1698924005.77
213	70	52	49	42	20	21	14	8	14	12	13	8	18	5	11	12	11	10	12	7	608.00	42.72300469483568	66037.24
928	225	245	224	234	53	71	47	36	40	57	73	59	49	43	83	42	65	58	69	39	2772.00	49.35344827586207	286427.47
2275	624	487	564	600	152	157	138	113	97	102	122	139	139	97	207	104	173	103	166	136	6878.00	51.16483516483517	702782.17
1708	484	338	427	459	117	115	101	100	83	64	71	105	104	76	155	79	129	67	129	111	5188.00	51.87353629976581	527732.63
114	25	36	24	29	6	4	5	7	5	8	13	8	6	9	4	3	5	12	7	4	334.00	46.49122807017544	35086.35
600	176	106	156	162	43	33	50	33	21	23	24	32	37	32	55	28	58	12	42	40	1836.00	53.0	185590.41
1427	369	334	350	374	87	92	95	63	55	77	83	90	72	77	130	60	124	58	94	82	4302.00	50.735809390329365	440567.80
1142	256	314	284	288	51	75	65	44	46	80	74	80	54	66	108	49	85	59	83	54	3428.00	50.08756567425569	352494.38
780	206	227	185	162	44	60	46	37	43	59	41	56	53	46	49	30	47	33	47	29	2254.00	44.48717948717949	241340.95
88	25	21	21	21	8	7	3	4	7	4	6	2	3	2	5	6	4	5	6	4	260.00	47.72727272727273	27222.38
312	69	74	79	90	13	14	18	18	13	15	24	21	16	19	23	16	22	25	19	21	962.00	54.166666666666664	96173.19
737	205	221	134	177	48	66	30	42	56	57	60	32	38	24	40	24	45	57	40	31	2096.00	42.198100407055634	226750.81
65	17	15	19	14	2	4	6	3	3	5	3	2	6	2	3	6	4	2	3	3	196.00	50.76923076923077	20208.88
3460	993	1081	686	700	222	335	180	165	282	266	208	233	186	201	158	123	213	186	132	142	9692.00	40.05780346820809	1068127.43
3145	863	1023	635	624	190	303	158	140	255	259	177	225	163	191	155	113	184	162	126	131	8808.00	40.031796502384736	971000.06
1265	338	446	248	233	80	113	55	64	93	132	75	92	66	81	51	45	74	65	51	38	3492.00	38.023715415019765	390574.40
2255	657	843	397	358	158	245	107	87	186	239	153	165	119	131	70	65	135	127	48	43	6020.00	33.48115299334812	696451.38
2153	624	782	401	346	145	229	115	77	179	209	135	165	116	124	91	60	127	125	51	41	5800.00	34.69577333952624	665406.42
597	132	186	143	136	23	38	37	26	30	52	32	51	34	37	50	21	37	37	33	25	1752.00	46.733668341708544	184346.38
5498577	1361524	1358234	1392563	1386256	303748	370851	283832	303721	254399	303623	316457	384421	319816	303561	444426	275552	384189	280864	399551	273278	16554792.00	50.53705713314554	1698923692.56
87	30	15	18	24	9	7	5	3	6	1	4	4	4	1	9	4	5	5	5	7	258.00	48.275862068965516	26843.18
65	18	21	15	11	5	6	4	1	5	7	3	4	3	4	5	3	3	2	3	2	182.00	40.0	20162.88
166	41	54	32	39	9	17	6	6	11	11	14	12	6	8	12	6	12	13	8	4	474.00	42.7710843373494	51098.59
455	126	178	75	76	36	49	17	11	35	54	21	39	16	25	25	7	26	22	10	16	1212.00	33.18681318681319	140296.68
225	62	81	43	39	14	27	8	10	19	22	14	14	15	9	9	9	12	10	11	5	614.00	36.44444444444444	69510.41
252	70	91	48	43	16	29	10	12	20	26	14	16	18	10	9	10	13	12	11	6	686.00	36.111111111111114	77860.75
708	157	158	173	220	32	49	25	45	23	22	53	49	33	41	61	32	64	34	61	51	2202.00	55.50847457627118	217826.58
1380	312	315	333	420	71	90	57	75	44	65	103	78	59	68	129	65	120	67	121	92	4266.00	54.56521739130435	424641.22
2446	576	614	586	670	126	176	125	111	95	148	181	128	122	121	210	113	196	106	200	143	7404.00	51.34914145543745	753866.05
2843	652	725	721	745	133	202	144	141	119	168	191	169	151	163	227	150	218	113	228	165	8618.00	51.56524797748857	877566.62
2487	548	614	636	689	99	154	124	140	108	137	163	148	118	150	208	138	193	114	204	151	7624.00	53.27704061117812	767051.01
2686	684	590	669	743	137	162	173	175	118	121	165	141	152	151	206	141	241	110	195	159	8196.00	52.56887565152643	828826.07
1992	560	496	474	462	128	156	127	120	111	118	101	120	129	109	125	96	164	66	116	95	5856.00	46.98795180722892	615939.07
5498574	1361523	1358233	1392562	1386256	303748	370851	283832	303720	254398	303623	316457	384420	319816	303561	444426	275552	384189	280864	399551	273278	16554784.00	50.53706651942849	1698922745.96
57	18	14	11	14	6	3	1	6	3	3	2	5	3	3	3	2	4	3	3	2	164.00	43.85964912280702	17584.25
107	32	35	20	20	8	10	3	8	10	8	5	7	6	4	5	3	5	8	5	2	294.00	37.38317757009346	33055.14
5498570	1361522	1358232	1392560	1386256	303748	370850	283831	303721	254398	303623	316457	384420	319816	303561	444425	275551	384188	280864	399551	273278	16554772.00	50.537066910123905	1698921470.14
80	22	25	20	13	4	3	8	5	5	6	3	6	6	7	4	2	5	3	3	1	226.00	41.25	24856.87
85	26	27	17	15	2	12	5	6	12	5	4	5	6	6	3	2	5	2	5	2	234.00	37.64705882352941	26308.83
844	187	182	219	256	28	48	57	41	33	38	60	37	40	43	84	43	74	39	72	55	2638.00	56.279620853080566	260077.43
1231	279	280	321	351	50	76	72	65	50	59	81	70	64	66	111	66	100	58	99	73	3806.00	54.5897644191714	379754.63
1200	278	287	326	309	62	76	53	71	44	65	72	87	75	71	94	73	82	55	100	61	3670.00	52.916666666666664	371071.17
1806	414	400	500	492	91	104	94	98	65	89	110	111	97	111	166	103	135	70	169	96	5596.00	54.928017718715395	558243.18
2274	484	542	620	628	89	136	132	106	74	128	161	141	126	134	218	116	175	106	205	118	7044.00	54.88126649076517	702196.50
3692	816	956	964	956	140	233	216	194	174	225	251	248	205	259	284	192	265	180	284	191	11224.00	52.00433369447454	1140215.51
2608	609	675	678	646	110	172	151	148	152	150	159	182	140	209	175	139	179	113	191	133	7864.00	50.76687116564417	806104.23
294	80	89	71	54	19	22	17	14	22	23	11	20	20	15	18	16	11	16	16	6	838.00	42.51700680272109	91137.17
1076	292	229	269	286	67	71	60	70	50	43	59	61	68	47	85	56	84	52	78	59	3262.00	51.57992565055762	332396.94
3576	771	842	942	1021	134	199	194	205	122	182	264	218	169	207	346	187	308	197	310	185	11078.00	54.89373601789709	1102997.48
5420	1185	1255	1468	1512	217	299	321	279	194	273	379	319	271	323	527	296	435	269	481	289	16800.00	54.981549815498155	1673447.33
3120	675	728	855	862	127	185	171	150	118	158	193	195	170	185	300	170	219	136	289	186	9674.00	55.032051282051285	963630.81
2396	498	564	677	657	81	143	128	126	83	119	145	173	133	159	231	132	182	98	222	139	7460.00	55.67612687813022	740424.65
3212	683	702	908	919	123	172	182	168	92	153	200	204	159	191	334	192	272	132	298	193	10078.00	56.88044831880448	992158.71
2038	458	449	575	556	95	114	116	98	68	100	113	132	100	111	217	126	160	88	180	111	6338.00	55.49558390578999	630127.81
85	22	23	22	18	4	6	6	6	3	7	4	6	7	4	5	5	8	3	4	2	250.00	47.05882352941177	26352.80
784	172	164	204	244	37	40	37	48	30	32	54	43	35	46	84	36	61	41	84	48	2464.00	57.142857142857146	241495.58
2291	556	392	627	716	117	110	159	139	75	75	112	112	116	97	284	108	218	91	226	159	7268.00	58.62068965517241	706870.83
2568	616	497	702	753	127	115	188	148	83	119	121	128	129	118	291	136	240	99	222	173	8046.00	56.6588785046729	792993.68
1354	312	353	347	342	66	64	93	66	56	102	82	72	71	83	111	73	96	62	100	74	4086.00	50.886262924667655	418253.27
1886	437	437	512	500	88	117	123	82	68	94	106	139	122	99	182	93	133	97	141	108	5796.00	53.65853658536585	582966.01
2590	590	622	695	683	121	152	164	118	88	142	155	190	149	150	243	130	198	130	188	139	7936.00	53.204633204633204	800327.29
2015	423	489	533	570	89	105	96	100	64	124	129	126	87	122	191	115	151	91	178	128	6236.00	54.7394540942928	621555.21
2493	518	595	671	709	98	151	109	128	86	146	154	158	113	142	248	148	190	104	236	152	7746.00	55.35499398315283	769180.99
2661	570	657	705	729	109	176	112	147	103	151	167	184	133	151	251	155	200	126	239	144	8190.00	53.88951521984217	821304.34
1749	368	455	465	461	71	107	74	98	72	108	106	128	96	107	152	99	112	92	153	93	5350.00	52.94453973699257	540079.47
743	229	256	144	114	56	91	35	26	67	71	33	58	50	37	34	20	35	30	28	18	2002.00	34.72409152086137	229988.14
317	76	126	65	50	17	31	16	7	24	39	20	25	17	20	12	14	13	18	8	9	864.00	36.277602523659304	98007.53
81	22	30	15	14	6	8	3	5	8	10	1	5	2	3	5	4	6	3	2	2	220.00	35.80246913580247	25020.99
601	170	175	133	123	44	43	26	39	41	48	24	42	33	28	40	23	34	36	32	18	1714.00	42.59567387687188	185850.68
5498574	1361523	1358233	1392562	1386256	303748	370850	283832	303721	254399	303623	316457	384420	319816	303561	444426	275552	384188	280864	399551	273278	16554784.00	50.53706651942849	1698922745.96
5498564	1361521	1358231	1392558	1386254	303747	370850	283831	303721	254398	303623	316456	384420	319816	303559	444425	275550	384188	280864	399550	273278	16554752.00	50.537049309601564	1698919615.97
5498574	1361523	1358233	1392562	1386256	303748	370850	283832	303721	254399	303623	316457	384420	319816	303561	444426	275552	384188	280864	399551	273278	16554784.00	50.53706651942849	1698922745.96
5498571	1361523	1358231	1392561	1386256	303748	370851	283831	303721	254398	303622	316457	384420	319817	303559	444426	275552	384188	280864	399551	273278	16554776.00	50.537075905721686	1698921808.36
5498577	1361524	1358234	1392563	1386256	303748	370851	283832	303721	254399	303623	316457	384421	319816	303561	444426	275552	384189	280864	399551	273278	16554792.00	50.53705713314554	1698923692.56
5498574	1361523	1358233	1392562	1386256	303748	370851	283831	303721	254399	303623	316457	384420	319815	303561	444426	275552	384189	280864	399551	273278	16554784.00	50.53706651942849	1698922745.96
5498570	1361522	1358232	1392561	1386255	303748	370850	283832	303720	254399	303623	316457	384419	319815	303561	444426	275552	384188	280863	399551	273278	16554772.00	50.537066910123905	1698921510.17
5498574	1361523	1358233	1392562	1386256	303747	370850	283832	303721	254399	303623	316457	384420	319816	303561	444426	275552	384189	280864	399551	273278	16554784.00	50.53706651942849	1698922745.96
60	18	12	17	13	2	4	5	5	2	3	2	2	8	0	4	5	4	2	5	2	180.00	50.0	18661.91
100	24	31	29	16	6	8	4	5	8	7	3	9	8	6	5	8	1	6	6	2	290.00	45.0	31138.84
230	63	76	47	44	18	18	7	15	17	20	13	15	13	11	12	10	10	16	14	3	642.00	39.56521739130435	71065.38
61	17	22	9	13	5	5	1	5	5	9	2	1	2	1	3	2	4	3	4	2	166.00	36.0655737704918	18756.99
59	18	18	14	9	6	2	6	2	5	6	1	3	3	3	5	3	2	4	2	1	164.00	38.983050847457626	18342.73
287	59	73	69	86	9	16	12	17	4	18	25	17	15	13	25	13	27	17	23	16	884.00	54.00696864111498	88288.14
949	234	227	239	249	57	53	52	47	31	53	64	58	43	49	84	52	79	51	66	48	2874.00	51.422550052687036	293046.67
1362	335	318	355	354	79	86	79	65	53	70	82	93	57	73	140	70	121	68	98	62	4142.00	52.055800293685756	420914.08
844	212	213	206	213	45	66	47	40	43	52	48	57	37	42	85	33	73	39	60	34	2526.00	49.644549763033176	260623.08
1236	290	297	304	345	57	85	79	52	57	64	74	89	58	67	123	44	102	67	80	79	3770.00	52.50809061488673	381039.60
2576	593	611	674	698	121	167	147	123	115	128	143	192	120	155	247	123	203	127	183	155	7896.00	53.26086956521739	795345.19
1834	412	431	502	489	88	108	93	99	78	91	92	143	80	120	177	105	143	84	141	103	5650.00	54.034896401308615	566837.62
1535	345	377	419	394	73	82	90	74	58	99	87	104	78	97	145	80	111	69	126	77	4696.00	52.96416938110749	474630.00
980	222	244	257	257	45	56	59	48	43	63	63	60	51	63	87	43	69	46	82	54	2988.00	52.44897959183673	302698.64
5498574	1361523	1358233	1392562	1386256	303748	370851	283832	303720	254399	303623	316457	384420	319816	303561	444426	275552	384188	280864	399551	273278	16554784.00	50.53706651942849	1698922745.96
1412	381	288	343	400	72	85	101	102	78	60	59	75	81	66	121	66	129	61	92	97	4310.00	52.62039660056657	435547.68
1913	545	458	432	478	126	131	124	125	113	105	86	116	105	105	138	77	162	78	108	107	5646.00	47.56926293779404	590481.89
160	56	42	34	28	17	13	13	7	13	11	8	7	12	8	7	6	8	6	7	5	444.00	38.75	49623.78
207	67	55	50	35	20	19	10	9	17	14	7	12	14	14	8	12	7	3	14	8	584.00	41.06280193236715	64315.13
1923	370	522	556	475	60	106	86	94	74	121	106	188	100	147	179	106	113	114	152	83	5908.00	53.61414456578263	595093.11
